14 2 30 -1 0 0 1 0 0 
168 25 67 10 0 0 0 1 1 
29 35 323 74 0 0 0 1 1 
81 21 134 34 1 0 0 0 0 
324 27 300 113 0 0 0 1 1 
77 19 162 58 0 0 1 0 0 
8 20 408 136 0 0 0 1 1 
49 13 600 15 0 0 1 0 1 
90 14 150 -2 1 0 0 0 0 
2 8 391 83 1 0 0 0 0 
34 2 607 9 1 0 0 0 0 
333 43 323 131 0 0 1 0 0 
46 15 295 179 0 0 0 1 1 
203 4 424 27 1 0 0 0 0 
53 22 395 24 0 0 1 0 1 
100 18 234 63 1 0 0 0 0 
81 3 485 21 0 0 1 0 1 
10 33 212 57 0 0 0 1 1 
313 16 30 10 0 0 1 0 0 
198 10 268 21 0 0 1 0 1 
48 22 212 39 0 0 0 1 1 
46 16 134 22 0 0 1 0 0 
56 10 85 -2 0 0 1 0 0 
70 20 285 56 0 0 1 0 1 
