100 4 4
153 13 120 21 1 0 0 0 0
238 20 201 52 0 0 1 0 0
15 13 270 44 1 0 0 0 0
10 34 323 -24 0 0 0 1 1
282 18 150 20 0 0 1 0 0
273 12 424 88 0 0 1 0 0
271 23 216 92 0 0 0 1 1
84 9 408 59 1 0 0 0 0
141 15 150 31 0 0 1 0 1
183 14 240 50 1 0 0 0 0
300 24 228 63 0 0 1 0 0
202 26 242 100 0 0 1 0 1
54 12 90 9 0 0 1 0 0
203 4 390 107 0 0 0 1 1
285 20 124 61 0 0 0 1 1
264 9 360 46 1 0 0 0 0
67 14 420 12 1 0 0 0 0
248 5 150 13 1 0 0 0 0
163 19 365 59 0 1 0 0 0
324 17 201 120 0 0 0 1 1
267 28 120 20 0 0 1 0 1
101 22 150 21 0 0 1 0 0
316 15 313 59 1 0 0 0 0
93 27 362 35 0 0 0 1 1
54 19 571 -9 0 0 1 0 1
76 16 60 17 0 0 0 1 1
352 2 60 0 0 0 1 0 0
300 24 240 34 0 0 0 1 1
342 15 446 207 0 0 0 1 1
94 11 0 0 1 0 0 0 0
203 15 30 5 0 0 1 0 1
321 15 153 50 0 1 0 0 0
215 10 457 0 0 0 1 0 0
353 22 67 1 0 0 1 0 1
311 14 469 70 1 0 0 0 0
279 19 218 36 1 0 0 0 0
80 11 295 42 1 0 0 0 0
159 15 90 23 0 0 1 0 1
64 7 153 37 0 0 0 1 1
70 13 771 209 1 0 0 0 0
61 20 67 4 1 0 0 0 0
24 18 218 34 0 0 1 0 0
133 18 108 46 0 0 0 1 1
35 24 150 38 1 0 0 0 0
338 21 170 92 0 0 0 1 1
50 12 134 33 0 0 0 1 1
21 25 350 48 1 0 0 0 0
348 13 30 7 0 0 0 1 1
170 12 175 17 0 0 1 0 0
99 16 443 -13 0 0 1 0 1
78 22 170 60 0 0 0 1 1
357 32 277 63 1 0 0 0 0
318 22 361 90 0 0 1 0 0
35 8 255 49 0 0 1 0 1
357 4 391 19 0 0 1 0 0
337 21 570 156 0 0 1 0 0
79 8 295 74 0 0 1 0 1
122 22 120 25 0 0 1 0 1
71 37 362 29 0 0 0 1 1
111 6 0 0 1 0 0 0 0
328 20 242 79 0 0 0 1 1
98 18 85 19 0 0 1 0 0
331 23 361 62 0 0 1 0 0
164 19 469 145 0 1 0 0 0
197 24 124 76 0 0 0 1 1
106 23 67 13 0 0 1 0 1
87 21 120 38 0 0 0 1 1
329 29 108 50 0 0 1 0 0
183 15 182 -48 0 0 1 0 1
318 25 150 74 0 0 0 1 1
351 8 400 83 1 0 0 0 0
221 33 335 109 0 0 1 0 1
91 11 180 18 0 0 1 0 1
283 18 218 116 0 0 0 1 1
3 30 90 26 0 0 0 1 1
333 30 313 32 0 0 0 1 1
179 14 242 84 1 0 0 0 0
100 11 404 32 0 0 1 0 1
42 7 366 43 0 1 0 0 0
226 14 361 88 0 0 1 0 1
47 16 124 28 0 0 0 1 1
89 17 124 46 0 0 0 1 1
65 5 335 34 0 0 1 0 1
55 24 120 72 0 0 0 1 1
81 24 150 60 0 0 1 0 1
27 14 60 3 1 0 0 0 0
309 24 153 95 0 0 0 1 1
38 14 755 141 0 0 1 0 0
103 26 430 199 0 0 1 0 0
230 8 60 13 0 0 1 0 0
75 16 60 4 1 0 0 0 0
58 21 270 59 0 0 0 1 1
35 16 395 59 1 0 0 0 0
281 22 218 40 1 0 0 0 0
1 15 30 5 0 0 1 0 0
342 15 95 23 0 0 0 1 1
273 8 42 7 0 0 1 0 0
240 21 30 4 0 0 1 0 1
143 10 85 34 0 0 0 1 1
132 23 95 -2 1 0 0 0 0
