2589 14 2 30 -1 0 0 1 0 1
1998 168 25 67 10 0 0 0 1 1
2364 29 35 323 74 0 0 0 1 1
3189 81 21 134 34 1 0 0 0 0
2368 324 27 300 113 0 0 0 1 1
2619 77 19 162 58 0 0 1 0 1
2299 8 20 408 136 0 0 0 1 1
3284 49 13 600 15 0 0 1 0 0
3093 90 14 150 -2 1 0 0 0 0
3286 2 8 391 83 1 0 0 0 0
3192 34 2 607 9 1 0 0 0 0
2865 333 43 323 131 0 0 1 0 0
2357 46 15 295 179 0 0 0 1 1
3048 203 4 424 27 1 0 0 0 0
3297 53 22 395 24 0 0 1 0 0
3282 100 18 234 63 1 0 0 0 0
2560 81 3 485 21 0 0 1 0 1
2544 10 33 212 57 0 0 0 1 1
3041 313 16 30 10 0 0 1 0 0
2625 198 10 268 21 0 0 1 0 1
2360 48 22 212 39 0 0 0 1 1
2289 46 16 134 22 0 0 1 0 1
3038 56 10 85 -2 0 0 1 0 0
3169 70 20 285 56 0 0 1 0 0
