100 5 4
2998 153 13 120 21 1 0 0 0 0
3162 238 20 201 52 0 0 1 0 0
3181 15 13 270 44 1 0 0 0 0
2388 10 34 323 -24 0 0 0 1 1
3227 282 18 150 20 0 0 1 0 0
3268 273 12 424 88 0 0 1 0 0
2372 271 23 216 92 0 0 0 1 1
3022 84 9 408 59 1 0 0 0 0
2464 141 15 150 31 0 0 1 0 1
3241 183 14 240 50 1 0 0 0 0
3345 300 24 228 63 0 0 1 0 0
2607 202 26 242 100 0 0 1 0 1
2930 54 12 90 9 0 0 1 0 0
2394 203 4 390 107 0 0 0 1 1
2299 285 20 124 61 0 0 0 1 1
3272 264 9 360 46 1 0 0 0 0
3056 67 14 420 12 1 0 0 0 0
3278 248 5 150 13 1 0 0 0 0
3220 163 19 365 59 0 1 0 0 0
2277 324 17 201 120 0 0 0 1 1
2469 267 28 120 20 0 0 1 0 1
3294 101 22 150 21 0 0 1 0 0
3399 316 15 313 59 1 0 0 0 0
2273 93 27 362 35 0 0 0 1 1
2590 54 19 571 -9 0 0 1 0 1
2460 76 16 60 17 0 0 0 1 1
3016 352 2 60 0 0 0 1 0 0
2409 300 24 240 34 0 0 0 1 1
2382 342 15 446 207 0 0 0 1 1
2748 94 11 0 0 1 0 0 0 0
2424 203 15 30 5 0 0 1 0 1
3084 321 15 153 50 0 1 0 0 0
3089 215 10 457 0 0 0 1 0 0
2404 353 22 67 1 0 0 1 0 1
3267 311 14 469 70 1 0 0 0 0
3109 279 19 218 36 1 0 0 0 0
2965 80 11 295 42 1 0 0 0 0
2521 159 15 90 23 0 0 1 0 1
2480 64 7 153 37 0 0 0 1 1
3285 70 13 771 209 1 0 0 0 0
3054 61 20 67 4 1 0 0 0 0
3050 24 18 218 34 0 0 1 0 0
2347 133 18 108 46 0 0 0 1 1
3216 35 24 150 38 1 0 0 0 0
2294 338 21 170 92 0 0 0 1 1
2470 50 12 134 33 0 0 0 1 1
3057 21 25 350 48 1 0 0 0 0
2009 348 13 30 7 0 0 0 1 1
3249 170 12 175 17 0 0 1 0 0
2626 99 16 443 -13 0 0 1 0 1
1965 78 22 170 60 0 0 0 1 1
2918 357 32 277 63 1 0 0 0 0
3215 318 22 361 90 0 0 1 0 0
2656 35 8 255 49 0 0 1 0 1
3145 357 4 391 19 0 0 1 0 0
3307 337 21 570 156 0 0 1 0 0
2682 79 8 295 74 0 0 1 0 1
2419 122 22 120 25 0 0 1 0 1
2227 71 37 362 29 0 0 0 1 1
2994 111 6 0 0 1 0 0 0 0
2409 328 20 242 79 0 0 0 1 1
3006 98 18 85 19 0 0 1 0 0
3112 331 23 361 62 0 0 1 0 0
3238 164 19 469 145 0 1 0 0 0
2436 197 24 124 76 0 0 0 1 1
2416 106 23 67 13 0 0 1 0 1
2406 87 21 120 38 0 0 0 1 1
2848 329 29 108 50 0 0 1 0 0
2452 183 15 182 -48 0 0 1 0 1
2294 318 25 150 74 0 0 0 1 1
3301 351 8 400 83 1 0 0 0 0
2535 221 33 335 109 0 0 1 0 1
2392 91 11 180 18 0 0 1 0 1
2303 283 18 218 116 0 0 0 1 1
2317 3 30 90 26 0 0 0 1 1
2027 333 30 313 32 0 0 0 1 1
3260 179 14 242 84 1 0 0 0 0
2658 100 11 404 32 0 0 1 0 1
3241 42 7 366 43 0 1 0 0 0
2602 226 14 361 88 0 0 1 0 1
2554 47 16 124 28 0 0 0 1 1
2398 89 17 124 46 0 0 0 1 1
2557 65 5 335 34 0 0 1 0 1
2233 55 24 120 72 0 0 0 1 1
2448 81 24 150 60 0 0 1 0 1
3096 27 14 60 3 1 0 0 0 0
2253 309 24 153 95 0 0 0 1 1
2939 38 14 755 141 0 0 1 0 0
3132 103 26 430 199 0 0 1 0 0
3123 230 8 60 13 0 0 1 0 0
3167 75 16 60 4 1 0 0 0 0
2020 58 21 270 59 0 0 0 1 1
3124 35 16 395 59 1 0 0 0 0
3316 281 22 218 40 1 0 0 0 0
3077 1 15 30 5 0 0 1 0 0
2455 342 15 95 23 0 0 0 1 1
3105 273 8 42 7 0 0 1 0 0
2410 240 21 30 4 0 0 1 0 1
2330 143 10 85 34 0 0 0 1 1
3203 132 23 95 -2 1 0 0 0 0
